# Unsqueeze (shape [1, 13, 7, 7]),
0.08380126953125,
0.08251953125,
0.08209228515625,
0.08331298828125,
0.08380126953125,
0.08270263671875,
0.082275390625,
0.0830078125,
0.0819091796875,
0.08172607421875,
0.08294677734375,
0.08380126953125,
0.0833740234375,
0.08294677734375,
0.0826416015625,
0.0833740234375,
0.0838623046875,
0.08343505859375,
0.08331298828125,
0.083984375,
0.08392333984375,
0.08233642578125,
0.0843505859375,
0.08538818359375,
0.083984375,
0.0830078125,
0.08367919921875,
0.08380126953125,
0.08221435546875,
0.08447265625,
0.085693359375,
0.0843505859375,
0.08294677734375,
0.0826416015625,
0.082763671875,
0.0823974609375,
0.0850830078125,
0.086181640625,
0.083984375,
0.0823974609375,
0.08294677734375,
0.083984375,
0.08282470703125,
0.085693359375,
0.08642578125,
0.0831298828125,
0.08172607421875,
0.084228515625,
0.0865478515625,
0.09014892578125,
0.0919189453125,
0.0931396484375,
0.09356689453125,
0.0919189453125,
0.08831787109375,
0.0870361328125,
0.089599609375,
0.09271240234375,
0.094970703125,
0.09527587890625,
0.0931396484375,
0.0892333984375,
0.087158203125,
0.08880615234375,
0.09222412109375,
0.09490966796875,
0.095458984375,
0.09381103515625,
0.09075927734375,
0.0885009765625,
0.08868408203125,
0.091552734375,
0.09381103515625,
0.09393310546875,
0.09320068359375,
0.09259033203125,
0.091064453125,
0.08917236328125,
0.09100341796875,
0.09222412109375,
0.09149169921875,
0.0916748046875,
0.09375,
0.093505859375,
0.0899658203125,
0.0909423828125,
0.091552734375,
0.0909423828125,
0.09161376953125,
0.0943603515625,
0.09442138671875,
0.09063720703125,
0.09136962890625,
0.09210205078125,
0.09228515625,
0.09283447265625,
0.0941162109375,
0.09332275390625,
0.05865478515625,
0.059234619140625,
0.05938720703125,
0.058685302734375,
0.05865478515625,
0.0595703125,
0.060516357421875,
0.05755615234375,
0.057891845703125,
0.058013916015625,
0.057403564453125,
0.057464599609375,
0.05828857421875,
0.059600830078125,
0.056854248046875,
0.056427001953125,
0.056182861328125,
0.055816650390625,
0.05633544921875,
0.057464599609375,
0.059173583984375,
0.05780029296875,
0.05694580078125,
0.05615234375,
0.055572509765625,
0.055908203125,
0.056976318359375,
0.058380126953125,
0.059844970703125,
0.05902099609375,
0.057769775390625,
0.056793212890625,
0.05645751953125,
0.057159423828125,
0.0577392578125,
0.06121826171875,
0.06048583984375,
0.059417724609375,
0.05908203125,
0.05841064453125,
0.057708740234375,
0.05682373046875,
0.061279296875,
0.06072998046875,
0.060333251953125,
0.061187744140625,
0.06060791015625,
0.058380126953125,
0.05621337890625,
0.06854248046875,
0.0687255859375,
0.06890869140625,
0.06915283203125,
0.0693359375,
0.0694580078125,
0.069580078125,
0.0687255859375,
0.06890869140625,
0.069091796875,
0.06927490234375,
0.06939697265625,
0.06951904296875,
0.06964111328125,
0.06890869140625,
0.069091796875,
0.0692138671875,
0.0693359375,
0.06951904296875,
0.06964111328125,
0.0697021484375,
0.069091796875,
0.0692138671875,
0.0693359375,
0.0694580078125,
0.069580078125,
0.06964111328125,
0.0697021484375,
0.0692138671875,
0.0693359375,
0.0694580078125,
0.069580078125,
0.06964111328125,
0.06964111328125,
0.0697021484375,
0.0693359375,
0.0694580078125,
0.06951904296875,
0.06964111328125,
0.06964111328125,
0.06964111328125,
0.06964111328125,
0.06939697265625,
0.06951904296875,
0.06964111328125,
0.0697021484375,
0.0697021484375,
0.06964111328125,
0.069580078125,
0.054595947265625,
0.052947998046875,
0.052459716796875,
0.05389404296875,
0.05413818359375,
0.054840087890625,
0.052703857421875,
0.05340576171875,
0.05389404296875,
0.052947998046875,
0.053192138671875,
0.052947998046875,
0.053192138671875,
0.05224609375,
0.05413818359375,
0.05364990234375,
0.053192138671875,
0.05413818359375,
0.05126953125,
0.052947998046875,
0.052703857421875,
0.05413818359375,
0.053192138671875,
0.05438232421875,
0.05340576171875,
0.052703857421875,
0.05224609375,
0.053192138671875,
0.052703857421875,
0.053192138671875,
0.05389404296875,
0.05389404296875,
0.05224609375,
0.052947998046875,
0.05340576171875,
0.05389404296875,
0.052459716796875,
0.05413818359375,
0.05340576171875,
0.05224609375,
0.05389404296875,
0.052459716796875,
0.05364990234375,
0.052947998046875,
0.052703857421875,
0.05340576171875,
0.053192138671875,
0.053192138671875,
0.052703857421875,
0.0472412109375,
0.046783447265625,
0.046783447265625,
0.0477294921875,
0.0474853515625,
0.04913330078125,
0.0477294921875,
0.0469970703125,
0.0472412109375,
0.046539306640625,
0.0472412109375,
0.046539306640625,
0.0477294921875,
0.0479736328125,
0.0474853515625,
0.0474853515625,
0.046783447265625,
0.0477294921875,
0.0472412109375,
0.0474853515625,
0.0472412109375,
0.0474853515625,
0.048431396484375,
0.048431396484375,
0.0477294921875,
0.046539306640625,
0.046539306640625,
0.046051025390625,
0.0474853515625,
0.0474853515625,
0.048675537109375,
0.0477294921875,
0.046783447265625,
0.0477294921875,
0.0479736328125,
0.0477294921875,
0.048187255859375,
0.04913330078125,
0.0477294921875,
0.0477294921875,
0.0469970703125,
0.0477294921875,
0.0474853515625,
0.0469970703125,
0.048187255859375,
0.0479736328125,
0.0477294921875,
0.0472412109375,
0.0477294921875,
0.040374755859375,
0.039886474609375,
0.039886474609375,
0.041778564453125,
0.0389404296875,
0.037261962890625,
0.039398193359375,
0.04083251953125,
0.039886474609375,
0.039642333984375,
0.039886474609375,
0.04083251953125,
0.037506103515625,
0.037261962890625,
0.039398193359375,
0.040130615234375,
0.039886474609375,
0.039642333984375,
0.041778564453125,
0.038238525390625,
0.039398193359375,
0.037994384765625,
0.037750244140625,
0.039642333984375,
0.04058837890625,
0.040130615234375,
0.0386962890625,
0.0391845703125,
0.039398193359375,
0.0384521484375,
0.037506103515625,
0.0384521484375,
0.039398193359375,
0.038238525390625,
0.037750244140625,
0.0386962890625,
0.0391845703125,
0.03680419921875,
0.0384521484375,
0.037750244140625,
0.037994384765625,
0.037750244140625,
0.037994384765625,
0.0384521484375,
0.0391845703125,
0.037506103515625,
0.03656005859375,
0.038238525390625,
0.037506103515625,
0.055755615234375,
0.0560302734375,
0.0556640625,
0.055023193359375,
0.0538330078125,
0.0526123046875,
0.051910400390625,
0.055267333984375,
0.055694580078125,
0.055633544921875,
0.055328369140625,
0.0543212890625,
0.052978515625,
0.0521240234375,
0.054534912109375,
0.05499267578125,
0.05535888671875,
0.055572509765625,
0.0550537109375,
0.05389404296875,
0.05322265625,
0.05389404296875,
0.054351806640625,
0.0550537109375,
0.05572509765625,
0.05584716796875,
0.055206298828125,
0.0545654296875,
0.053680419921875,
0.0540771484375,
0.05487060546875,
0.05572509765625,
0.056243896484375,
0.05615234375,
0.05548095703125,
0.054107666015625,
0.05450439453125,
0.054962158203125,
0.0552978515625,
0.055755615234375,
0.056365966796875,
0.05621337890625,
0.054962158203125,
0.05535888671875,
0.055267333984375,
0.054656982421875,
0.0546875,
0.0556640625,
0.056304931640625,
0.08245849609375,
0.081298828125,
0.08123779296875,
0.082763671875,
0.0833740234375,
0.08203125,
0.08074951171875,
0.08270263671875,
0.08099365234375,
0.08074951171875,
0.08294677734375,
0.08355712890625,
0.081298828125,
0.07977294921875,
0.08251953125,
0.0804443359375,
0.0802001953125,
0.0828857421875,
0.08349609375,
0.080078125,
0.07843017578125,
0.08099365234375,
0.08026123046875,
0.08087158203125,
0.0831298828125,
0.0831298828125,
0.07958984375,
0.07818603515625,
0.0791015625,
0.08050537109375,
0.0823974609375,
0.08343505859375,
0.082763671875,
0.080078125,
0.07904052734375,
0.08074951171875,
0.0826416015625,
0.08428955078125,
0.0843505859375,
0.0836181640625,
0.08245849609375,
0.08209228515625,
0.08477783203125,
0.08538818359375,
0.08563232421875,
0.08526611328125,
0.0850830078125,
0.08544921875,
0.0855712890625,
0.07952880859375,
0.0791015625,
0.07867431640625,
0.078369140625,
0.0784912109375,
0.07904052734375,
0.0792236328125,
0.079345703125,
0.0797119140625,
0.07989501953125,
0.0794677734375,
0.0791015625,
0.07928466796875,
0.0791015625,
0.07928466796875,
0.08013916015625,
0.0809326171875,
0.0806884765625,
0.08026123046875,
0.08013916015625,
0.07958984375,
0.0784912109375,
0.0802001953125,
0.08148193359375,
0.08074951171875,
0.08001708984375,
0.08001708984375,
0.07989501953125,
0.0775146484375,
0.0799560546875,
0.08135986328125,
0.079833984375,
0.07867431640625,
0.0791015625,
0.079833984375,
0.0777587890625,
0.07977294921875,
0.0806884765625,
0.07891845703125,
0.0780029296875,
0.07891845703125,
0.08026123046875,
0.07891845703125,
0.079833984375,
0.07989501953125,
0.07855224609375,
0.07818603515625,
0.0794677734375,
0.08087158203125,
0.1044921875,
0.10302734375,
0.0992431640625,
0.102783203125,
0.103271484375,
0.10491943359375,
0.104248046875,
0.10662841796875,
0.10186767578125,
0.10040283203125,
0.102783203125,
0.104248046875,
0.1072998046875,
0.10614013671875,
0.103271484375,
0.10064697265625,
0.103515625,
0.10491943359375,
0.1025390625,
0.11041259765625,
0.11090087890625,
0.10516357421875,
0.0982666015625,
0.10089111328125,
0.1085205078125,
0.10943603515625,
0.1158447265625,
0.11541748046875,
0.11065673828125,
0.10894775390625,
0.1080322265625,
0.102783203125,
0.10540771484375,
0.11090087890625,
0.11517333984375,
0.11016845703125,
0.10516357421875,
0.10400390625,
0.10302734375,
0.09613037109375,
0.10162353515625,
0.1025390625,
0.10516357421875,
0.103515625,
0.10040283203125,
0.10186767578125,
0.0982666015625,
0.10162353515625,
0.1002197265625,
0.07220458984375,
0.07183837890625,
0.07135009765625,
0.07086181640625,
0.07037353515625,
0.0699462890625,
0.06951904296875,
0.07183837890625,
0.0714111328125,
0.07098388671875,
0.07049560546875,
0.07012939453125,
0.06982421875,
0.069580078125,
0.07171630859375,
0.07122802734375,
0.07080078125,
0.07037353515625,
0.070068359375,
0.06988525390625,
0.06976318359375,
0.07183837890625,
0.07135009765625,
0.07086181640625,
0.07049560546875,
0.0701904296875,
0.070068359375,
0.070068359375,
0.0721435546875,
0.0716552734375,
0.0711669921875,
0.07073974609375,
0.07049560546875,
0.07037353515625,
0.07037353515625,
0.07257080078125,
0.07208251953125,
0.07159423828125,
0.0711669921875,
0.0709228515625,
0.07080078125,
0.07073974609375,
0.072998046875,
0.072509765625,
0.072021484375,
0.07159423828125,
0.07135009765625,
0.07122802734375,
0.0711669921875,
0.0166015625,
0.0167388916015625,
0.016845703125,
0.016937255859375,
0.0169677734375,
0.0169830322265625,
0.0169525146484375,
0.0167236328125,
0.0168609619140625,
0.0169677734375,
0.0170440673828125,
0.017059326171875,
0.0170440673828125,
0.016998291015625,
0.0167999267578125,
0.016937255859375,
0.0170440673828125,
0.0171051025390625,
0.017120361328125,
0.0170745849609375,
0.0170135498046875,
0.016845703125,
0.0169677734375,
0.017059326171875,
0.0171051025390625,
0.017120361328125,
0.0170745849609375,
0.0170135498046875,
0.016845703125,
0.016937255859375,
0.0170135498046875,
0.017059326171875,
0.0170745849609375,
0.0170440673828125,
0.016998291015625,
0.016815185546875,
0.016876220703125,
0.016937255859375,
0.0169830322265625,
0.016998291015625,
0.0169830322265625,
0.0169677734375,
0.0167694091796875,
0.0167999267578125,
0.0168304443359375,
0.0168609619140625,
0.0168914794921875,
0.01690673828125,
0.0169219970703125,
